Fréquence (Hz)	Niveau (dB)
43.066406	-37.531128
86.132813	-35.216503
129.199219	-19.546993
172.265625	-32.271797
215.332031	-30.004612
258.398438	-19.584673
301.464844	-27.518726
344.531250	-29.515997
387.597656	-19.752779
430.664063	-22.250298
473.730469	-22.092087
516.796875	-10.607121
559.863281	-15.728939
602.929688	-26.360600
645.996094	-26.188774
689.062500	-25.601103
732.128906	-33.504456
775.195313	-31.568050
818.261719	-27.977591
861.328125	-35.344730
904.394531	-27.728765
947.460938	-25.933157
990.527344	-36.639282
1033.593750	-36.248474
1076.660156	-36.020321
1119.726563	-39.703621
1162.792969	-41.478050
1205.859375	-40.661652
1248.925781	-42.885612
1291.992188	-43.960979
1335.058594	-44.589802
1378.125000	-44.180634
1421.191406	-44.780037
1464.257813	-44.985760
1507.324219	-44.011337
1550.390625	-46.726532
1593.457031	-46.452862
1636.523438	-46.870609
1679.589844	-47.922306
1722.656250	-49.281128
1765.722656	-46.428909
1808.789063	-47.262516
1851.855469	-48.712597
1894.921875	-47.203163
1937.988281	-48.916996
1981.054688	-49.564178
2024.121094	-48.519424
2067.187500	-50.134815
2110.253906	-50.797939
2153.320313	-49.493492
2196.386719	-43.899551
2239.453125	-48.328350
2282.519531	-43.805538
2325.585938	-39.605400
2368.652344	-43.188755
2411.718750	-38.050262
2454.785156	-31.510263
2497.851563	-42.748737
2540.917969	-43.859097
2583.984375	-40.623665
2627.050781	-47.288120
2670.117188	-50.604012
2713.183594	-45.264626
2756.250000	-50.798805
2799.316406	-49.722954
2842.382813	-43.812862
2885.449219	-44.539181
2928.515625	-47.612694
2971.582031	-38.092941
3014.648438	-36.591240
3057.714844	-41.423386
3100.781250	-33.324245
3143.847656	-30.403973
3186.914063	-35.495815
3229.980469	-28.805313
3273.046875	-25.972895
3316.113281	-33.146938
3359.179688	-34.002155
3402.246094	-33.048050
3445.312500	-38.923660
3488.378906	-41.108250
3531.445313	-41.632782
3574.511719	-43.384850
3617.578125	-46.492107
3660.644531	-47.976852
3703.710938	-48.371738
3746.777344	-49.259327
3789.843750	-50.289627
3832.910156	-50.255287
3875.976563	-51.124454
3919.042969	-51.198952
3962.109375	-51.531437
4005.175781	-52.177895
4048.242188	-52.198734
4091.308594	-52.543030
4134.375000	-52.961655
4177.441406	-52.966030
4220.507813	-53.601776
4263.574219	-53.469406
4306.640625	-54.018692
4349.707031	-53.347080
4392.773438	-53.312878
4435.839844	-54.053246
4478.906250	-53.529640
4521.972656	-54.054119
4565.039063	-54.339520
4608.105469	-54.901859
4651.171875	-53.989399
4694.238281	-53.950844
4737.304688	-54.222214
4780.371094	-53.558296
4823.437500	-54.622055
4866.503906	-54.789639
4909.570313	-54.907806
4952.636719	-55.560192
4995.703125	-56.043549
5038.769531	-55.736839
5081.835938	-56.058949
5124.902344	-56.232609
5167.968750	-56.083832
5211.035156	-56.324684
5254.101563	-56.374702
5297.167969	-56.421928
5340.234375	-56.705921
5383.300781	-56.569180
5426.367188	-56.960041
5469.433594	-56.867928
5512.500000	-57.037815
5555.566406	-57.008369
5598.632813	-57.151215
5641.699219	-57.449024
5684.765625	-57.123199
5727.832031	-57.220734
5770.898438	-57.590488
5813.964844	-57.473293
5857.031250	-57.535244
5900.097656	-57.532688
5943.164063	-57.272278
5986.230469	-57.829414
6029.296875	-56.925816
6072.363281	-57.930573
6115.429688	-58.137722
6158.496094	-58.045311
6201.562500	-58.202740
6244.628906	-58.359276
6287.695313	-58.643257
6330.761719	-58.620815
6373.828125	-58.455017
6416.894531	-58.329712
6459.960938	-57.718456
6503.027344	-58.507626
6546.093750	-57.584900
6589.160156	-57.469662
6632.226563	-57.165417
6675.292969	-58.075367
6718.359375	-53.847099
6761.425781	-56.975124
6804.492188	-59.012745
6847.558594	-57.624584
6890.625000	-55.684193
6933.691406	-55.216335
6976.757813	-55.016594
7019.824219	-55.801086
7062.890625	-57.553673
7105.957031	-57.281124
7149.023438	-57.894951
7192.089844	-58.978745
7235.156250	-57.654873
7278.222656	-57.682629
7321.289063	-59.523464
7364.355469	-58.030033
7407.421875	-60.031635
7450.488281	-58.943916
7493.554688	-58.807495
7536.621094	-59.371838
7579.687500	-58.605511
7622.753906	-59.129436
7665.820313	-58.964558
7708.886719	-58.798409
7751.953125	-58.101521
7795.019531	-59.039337
7838.085938	-60.204437
7881.152344	-60.003807
7924.218750	-59.887814
7967.285156	-60.402088
8010.351563	-60.102184
8053.417969	-60.328064
8096.484375	-60.873589
8139.550781	-60.299034
8182.617188	-60.618767
8225.683594	-60.513882
8268.750000	-60.623802
8311.816406	-60.595123
8354.882813	-60.803764
8397.949219	-60.808258
8441.015625	-60.711536
8484.082031	-60.609386
8527.148438	-60.592281
8570.214844	-60.852951
8613.281250	-60.797325
8656.347656	-60.773987
8699.414063	-61.174374
8742.480469	-60.860661
8785.546875	-61.665451
8828.613281	-60.820232
8871.679688	-61.316444
8914.746094	-61.530411
8957.812500	-61.160545
9000.878906	-61.046844
9043.945313	-61.329872
9087.011719	-61.503445
9130.078125	-61.692997
9173.144531	-61.384148
9216.210938	-61.395634
9259.277344	-61.448414
9302.343750	-61.468727
9345.410156	-61.411461
9388.476563	-61.710911
9431.542969	-61.669659
9474.609375	-61.511044
9517.675781	-61.512630
9560.742188	-61.925297
9603.808594	-61.921631
9646.875000	-61.655865
9689.941406	-62.065865
9733.007813	-61.831932
9776.074219	-62.176476
9819.140625	-62.357925
9862.207031	-62.089584
9905.273438	-62.219650
9948.339844	-62.143101
9991.406250	-61.916809
10034.472656	-61.943413
10077.539063	-62.713036
10120.605469	-62.387341
10163.671875	-61.338314
10206.738281	-62.226620
10249.804688	-62.625576
10292.871094	-61.954117
10335.937500	-62.320534
10379.003906	-62.731308
10422.070313	-62.263611
10465.136719	-62.385048
10508.203125	-62.499428
10551.269531	-62.411316
10594.335938	-62.592525
10637.402344	-63.226231
10680.468750	-62.547401
10723.535156	-62.981838
10766.601563	-62.549641
10809.667969	-62.757778
10852.734375	-63.011723
10895.800781	-62.790585
10938.867188	-62.440914
10981.933594	-62.630894
11025.000000	-63.224438
11068.066406	-63.410072
11111.132813	-62.897831
11154.199219	-62.756855
11197.265625	-62.837917
11240.332031	-63.002907
11283.398438	-63.063446
11326.464844	-62.705753
11369.531250	-63.145863
11412.597656	-63.233303
11455.664063	-63.455631
11498.730469	-63.281185
11541.796875	-63.151115
11584.863281	-63.367229
11627.929688	-63.177544
11670.996094	-63.373032
11714.062500	-63.154903
11757.128906	-63.713772
11800.195313	-63.658417
11843.261719	-63.211914
11886.328125	-63.184601
11929.394531	-63.327591
11972.460938	-63.486061
12015.527344	-63.304157
12058.593750	-63.599003
12101.660156	-63.580887
12144.726563	-63.341301
12187.792969	-63.555775
12230.859375	-63.443829
12273.925781	-63.354877
12316.992188	-63.928989
12360.058594	-63.731220
12403.125000	-63.716618
12446.191406	-63.679115
12489.257813	-64.051956
12532.324219	-63.694801
12575.390625	-64.158600
12618.457031	-63.726913
12661.523438	-63.547436
12704.589844	-64.012329
12747.656250	-64.023499
12790.722656	-63.717201
12833.789063	-63.921139
12876.855469	-63.731319
12919.921875	-63.971516
12962.988281	-63.958477
13006.054688	-63.613289
13049.121094	-63.955170
13092.187500	-64.298248
13135.253906	-63.758492
13178.320313	-64.219582
13221.386719	-63.880901
13264.453125	-64.327545
13307.519531	-64.103928
13350.585938	-64.041176
13393.652344	-64.288330
13436.718750	-64.150803
13479.785156	-64.353111
13522.851563	-64.006798
13565.917969	-64.398720
13608.984375	-64.219940
13652.050781	-64.195145
13695.117188	-64.314758
13738.183594	-64.391190
13781.250000	-64.247299
13824.316406	-64.460854
13867.382813	-64.297585
13910.449219	-64.508926
13953.515625	-64.683701
13996.582031	-64.177162
14039.648438	-64.424957
14082.714844	-64.443077
14125.781250	-64.239655
14168.847656	-64.397041
14211.914063	-64.703949
14254.980469	-64.410065
14298.046875	-64.958176
14341.113281	-64.635399
14384.179688	-64.721512
14427.246094	-64.791283
14470.312500	-64.698013
14513.378906	-64.640198
14556.445313	-64.671585
14599.511719	-64.642357
14642.578125	-64.690491
14685.644531	-64.871506
14728.710938	-64.854607
14771.777344	-64.881500
14814.843750	-65.163460
14857.910156	-64.918587
14900.976563	-64.921654
14944.042969	-65.022484
14987.109375	-64.760574
15030.175781	-64.943321
15073.242188	-64.831360
15116.308594	-64.861732
15159.375000	-64.826927
15202.441406	-64.923279
15245.507813	-64.889465
15288.574219	-64.480453
15331.640625	-64.814804
15374.707031	-64.547829
15417.773438	-64.885063
15460.839844	-64.918198
15503.906250	-64.628502
15546.972656	-65.272018
15590.039063	-65.297905
15633.105469	-65.028519
15676.171875	-65.268158
15719.238281	-64.931618
15762.304688	-65.223717
15805.371094	-65.422234
15848.437500	-64.713074
15891.503906	-65.157639
15934.570313	-65.193039
15977.636719	-64.811325
16020.703125	-64.787216
16063.769531	-64.952736
16106.835938	-65.299706
16149.902344	-65.069656
16192.968750	-65.058380
16236.035156	-65.147903
16279.101563	-65.287033
16322.167969	-65.029350
16365.234375	-64.863739
16408.300781	-65.031212
16451.367188	-65.046509
16494.433594	-65.607635
16537.500000	-65.568436
16580.566406	-65.507294
16623.632813	-65.434204
16666.699219	-65.470604
16709.765625	-65.337387
16752.832031	-65.316246
16795.898438	-65.419243
16838.964844	-65.267715
16882.031250	-65.630058
16925.097656	-65.103729
16968.164063	-65.139038
17011.230469	-65.232567
17054.296875	-64.992027
17097.363281	-65.643517
17140.429688	-65.551071
17183.496094	-65.604179
17226.562500	-65.573494
17269.628906	-65.286621
17312.695313	-65.589317
17355.761719	-65.810410
17398.828125	-65.330688
17441.894531	-65.540413
17484.960938	-65.706909
17528.027344	-65.102646
17571.093750	-65.404533
17614.160156	-65.513084
17657.226563	-65.900658
17700.292969	-65.693466
17743.359375	-65.835609
17786.425781	-65.766586
17829.492188	-65.617378
17872.558594	-65.762978
17915.625000	-65.395714
17958.691406	-65.541435
18001.757813	-65.603210
18044.824219	-65.693512
18087.890625	-65.665070
18130.957031	-65.867630
18174.023438	-65.468300
18217.089844	-65.833130
18260.156250	-65.543541
18303.222656	-66.057785
18346.289063	-65.665253
18389.355469	-65.395187
18432.421875	-65.576271
18475.488281	-65.503265
18518.554688	-65.568954
18561.621094	-65.903641
18604.687500	-65.799469
18647.753906	-65.752228
18690.820313	-65.542770
18733.886719	-65.386948
18776.953125	-66.010422
18820.019531	-66.060043
18863.085938	-65.546089
18906.152344	-65.766640
18949.218750	-65.488449
18992.285156	-65.710251
19035.351563	-65.830719
19078.417969	-65.894760
19121.484375	-66.232765
19164.550781	-65.764801
19207.617188	-65.632187
19250.683594	-65.460785
19293.750000	-65.545891
19336.816406	-65.710602
19379.882813	-66.066750
19422.949219	-65.578087
19466.015625	-65.952766
19509.082031	-65.953613
19552.148438	-65.805450
19595.214844	-65.684090
19638.281250	-65.719131
19681.347656	-65.759689
19724.414063	-65.877510
19767.480469	-65.678154
19810.546875	-66.167007
19853.613281	-66.007828
19896.679688	-65.593987
19939.746094	-66.044594
19982.812500	-65.727432
20025.878906	-65.531876
20068.945313	-65.585396
20112.011719	-65.666214
20155.078125	-65.783836
20198.144531	-66.058868
20241.210938	-65.966423
20284.277344	-65.971825
20327.343750	-66.012642
20370.410156	-65.919945
20413.476563	-65.688210
20456.542969	-65.795036
20499.609375	-65.885025
20542.675781	-66.121788
20585.742188	-65.866920
20628.808594	-65.909775
20671.875000	-65.716568
20714.941406	-65.917610
20758.007813	-66.471321
20801.074219	-66.019768
20844.140625	-66.044937
20887.207031	-66.040016
20930.273438	-65.913437
20973.339844	-66.029839
21016.406250	-66.084091
21059.472656	-66.162331
21102.539063	-66.352577
21145.605469	-66.241722
21188.671875	-65.965889
21231.738281	-66.013161
21274.804688	-66.088768
21317.871094	-66.232346
21360.937500	-66.026466
21404.003906	-66.050385
21447.070313	-66.201683
21490.136719	-66.114906
21533.203125	-66.035477
21576.269531	-66.025513
21619.335938	-66.062042
21662.402344	-66.117744
21705.468750	-66.086189
21748.535156	-66.080605
21791.601563	-66.054565
21834.667969	-66.130333
21877.734375	-66.088943
21920.800781	-66.198593
21963.867188	-66.110229
22006.933594	-66.109024
