Fréquence (Hz)	Niveau (dB)
43.066406	-40.204659
86.132813	-35.370655
129.199219	-24.093355
172.265625	-34.189735
215.332031	-26.648237
258.398438	-22.555201
301.464844	-32.777775
344.531250	-28.546846
387.597656	-33.911575
430.664063	-34.838627
473.730469	-24.744167
516.796875	-34.182701
559.863281	-39.285122
602.929688	-39.696037
645.996094	-44.572811
689.062500	-39.628101
732.128906	-36.479019
775.195313	-46.235859
818.261719	-42.321190
861.328125	-39.475639
904.394531	-46.125607
947.460938	-42.987644
990.527344	-47.115990
1033.593750	-49.430111
1076.660156	-45.785320
1119.726563	-47.833607
1162.792969	-50.298744
1205.859375	-45.662189
1248.925781	-50.975605
1291.992188	-53.438801
1335.058594	-50.987682
1378.125000	-55.015110
1421.191406	-53.603737
1464.257813	-49.979313
1507.324219	-54.278294
1550.390625	-51.011997
1593.457031	-49.825428
1636.523438	-54.878448
1679.589844	-54.691299
1722.656250	-56.202442
1765.722656	-56.706707
1808.789063	-52.690571
1851.855469	-54.279243
1894.921875	-54.798454
1937.988281	-51.361828
1981.054688	-53.699547
2024.121094	-54.888489
2067.187500	-50.020973
2110.253906	-55.028645
2153.320313	-55.696846
2196.386719	-54.150364
2239.453125	-56.328068
2282.519531	-57.448345
2325.585938	-55.314041
2368.652344	-57.737137
2411.718750	-59.502937
2454.785156	-57.191727
2497.851563	-58.252785
2540.917969	-56.213531
2583.984375	-55.326336
2627.050781	-56.770695
2670.117188	-55.863914
2713.183594	-55.776775
2756.250000	-56.069736
2799.316406	-53.597870
2842.382813	-53.467697
2885.449219	-48.823402
2928.515625	-41.510254
2971.582031	-46.368256
3014.648438	-53.429329
3057.714844	-43.721565
3100.781250	-49.487530
3143.847656	-48.739422
3186.914063	-45.656063
3229.980469	-53.346107
3273.046875	-49.838390
3316.113281	-44.476124
3359.179688	-45.962723
3402.246094	-42.297398
3445.312500	-43.207352
3488.378906	-48.611568
3531.445313	-52.863911
3574.511719	-53.560345
3617.578125	-54.851349
3660.644531	-49.968578
3703.710938	-53.369099
3746.777344	-58.383778
3789.843750	-52.159595
3832.910156	-56.977226
3875.976563	-61.110744
3919.042969	-59.154697
3962.109375	-59.281937
4005.175781	-59.113209
4048.242188	-54.238789
4091.308594	-58.180687
4134.375000	-61.383888
4177.441406	-62.550613
4220.507813	-61.862675
4263.574219	-61.878544
4306.640625	-60.725021
4349.707031	-63.284157
4392.773438	-60.530689
4435.839844	-65.053520
4478.906250	-65.319595
4521.972656	-64.171700
4565.039063	-66.713898
4608.105469	-66.659576
4651.171875	-65.001266
4694.238281	-66.492050
4737.304688	-64.945633
4780.371094	-66.571724
4823.437500	-67.003853
4866.503906	-67.627243
4909.570313	-66.014145
4952.636719	-65.999153
4995.703125	-66.723549
5038.769531	-67.857452
5081.835938	-67.044098
5124.902344	-66.884766
5167.968750	-66.822929
5211.035156	-66.903336
5254.101563	-67.414299
5297.167969	-67.588768
5340.234375	-67.481781
5383.300781	-65.940887
5426.367188	-68.472252
5469.433594	-66.031364
5512.500000	-66.541740
5555.566406	-68.475304
5598.632813	-66.563690
5641.699219	-67.562157
5684.765625	-65.994751
5727.832031	-65.097588
5770.898438	-65.115677
5813.964844	-67.033615
5857.031250	-66.919472
5900.097656	-68.639084
5943.164063	-68.288239
5986.230469	-68.579453
6029.296875	-67.845779
6072.363281	-68.759361
6115.429688	-69.347191
6158.496094	-68.187492
6201.562500	-70.405266
6244.628906	-69.364807
6287.695313	-68.368523
6330.761719	-69.695412
6373.828125	-68.524094
6416.894531	-69.091980
6459.960938	-69.046120
6503.027344	-69.611145
6546.093750	-69.165611
6589.160156	-68.545387
6632.226563	-70.537445
6675.292969	-70.148918
6718.359375	-68.933571
6761.425781	-68.736710
6804.492188	-69.335701
6847.558594	-69.572723
6890.625000	-69.055000
6933.691406	-70.381371
6976.757813	-70.463051
7019.824219	-70.128960
7062.890625	-70.888756
7105.957031	-70.134590
7149.023438	-70.884506
7192.089844	-70.325340
7235.156250	-70.447311
7278.222656	-70.845467
7321.289063	-70.535904
7364.355469	-71.022430
7407.421875	-70.900314
7450.488281	-71.757187
7493.554688	-70.778069
7536.621094	-70.420044
7579.687500	-70.789101
7622.753906	-71.382774
7665.820313	-71.712921
7708.886719	-71.785675
7751.953125	-70.591820
7795.019531	-71.726593
7838.085938	-71.486206
7881.152344	-71.422775
7924.218750	-70.937767
7967.285156	-71.485443
8010.351563	-71.817085
8053.417969	-71.736771
8096.484375	-70.714798
8139.550781	-70.802773
8182.617188	-71.716721
8225.683594	-70.810432
8268.750000	-71.314919
8311.816406	-71.493553
8354.882813	-71.380180
8397.949219	-72.154343
8441.015625	-72.581093
8484.082031	-71.848610
8527.148438	-71.532242
8570.214844	-71.324562
8613.281250	-71.715927
8656.347656	-72.354156
8699.414063	-71.763916
8742.480469	-72.079399
8785.546875	-72.764893
8828.613281	-72.100494
8871.679688	-71.928093
8914.746094	-71.827698
8957.812500	-71.502632
9000.878906	-71.541183
9043.945313	-71.629005
9087.011719	-72.601341
9130.078125	-72.193314
9173.144531	-70.941566
9216.210938	-72.386032
9259.277344	-72.248894
9302.343750	-72.492134
9345.410156	-72.308029
9388.476563	-71.985260
9431.542969	-71.542465
9474.609375	-72.448334
9517.675781	-72.333298
9560.742188	-72.950523
9603.808594	-72.562447
9646.875000	-73.404274
9689.941406	-72.253235
9733.007813	-71.732956
9776.074219	-72.050682
9819.140625	-73.601204
9862.207031	-72.193245
9905.273438	-72.138878
9948.339844	-71.799980
9991.406250	-72.420509
10034.472656	-71.629784
10077.539063	-71.103363
10120.605469	-72.352089
10163.671875	-73.146133
10206.738281	-73.707687
10249.804688	-72.511276
10292.871094	-72.182800
10335.937500	-72.532234
10379.003906	-71.989227
10422.070313	-72.224007
10465.136719	-72.453514
10508.203125	-72.515961
10551.269531	-72.331406
10594.335938	-73.964470
10637.402344	-73.205208
10680.468750	-72.433929
10723.535156	-72.478348
10766.601563	-73.488358
10809.667969	-74.660034
10852.734375	-72.638084
10895.800781	-73.933372
10938.867188	-72.594048
10981.933594	-73.099030
11025.000000	-73.878471
11068.066406	-73.876320
11111.132813	-73.758347
11154.199219	-73.881340
11197.265625	-72.493347
11240.332031	-73.286797
11283.398438	-73.224953
11326.464844	-73.099266
11369.531250	-73.531036
11412.597656	-73.142349
11455.664063	-73.913551
11498.730469	-73.415192
11541.796875	-72.521805
11584.863281	-72.663994
11627.929688	-73.143265
11670.996094	-75.343445
11714.062500	-74.019928
11757.128906	-74.211739
11800.195313	-72.997978
11843.261719	-73.197144
11886.328125	-73.733017
11929.394531	-73.968758
11972.460938	-74.695610
12015.527344	-73.149773
12058.593750	-74.559425
12101.660156	-73.275871
12144.726563	-73.571915
12187.792969	-73.112488
12230.859375	-73.866982
12273.925781	-72.487061
12316.992188	-73.321243
12360.058594	-73.305397
12403.125000	-73.523491
12446.191406	-73.490456
12489.257813	-73.854416
12532.324219	-73.766151
12575.390625	-72.884666
12618.457031	-72.626694
12661.523438	-73.402443
12704.589844	-74.145790
12747.656250	-73.838272
12790.722656	-75.137627
12833.789063	-74.419800
12876.855469	-74.428032
12919.921875	-74.126831
12962.988281	-74.989128
13006.054688	-75.333954
13049.121094	-73.056068
13092.187500	-72.822227
13135.253906	-73.759354
13178.320313	-73.692886
13221.386719	-73.579727
13264.453125	-74.107971
13307.519531	-74.044991
13350.585938	-74.209702
13393.652344	-73.777992
13436.718750	-72.500610
13479.785156	-75.248581
13522.851563	-74.814400
13565.917969	-73.921722
13608.984375	-74.203300
13652.050781	-75.343376
13695.117188	-75.263275
13738.183594	-75.883667
13781.250000	-74.988815
13824.316406	-74.993752
13867.382813	-73.949867
13910.449219	-74.243637
13953.515625	-73.859917
13996.582031	-73.798019
14039.648438	-74.348824
14082.714844	-74.609550
14125.781250	-75.743599
14168.847656	-74.749062
14211.914063	-73.903549
14254.980469	-75.092468
14298.046875	-73.597672
14341.113281	-75.214104
14384.179688	-75.271645
14427.246094	-74.811569
14470.312500	-74.325081
14513.378906	-74.739273
14556.445313	-74.671112
14599.511719	-75.713951
14642.578125	-74.054398
14685.644531	-73.719955
14728.710938	-74.192116
14771.777344	-75.340820
14814.843750	-74.192467
14857.910156	-75.804176
14900.976563	-75.174080
14944.042969	-76.498169
14987.109375	-74.761139
15030.175781	-76.848999
15073.242188	-75.292999
15116.308594	-74.946228
15159.375000	-73.414352
15202.441406	-74.079651
15245.507813	-74.655731
15288.574219	-74.513466
15331.640625	-75.862007
15374.707031	-74.734650
15417.773438	-76.309258
15460.839844	-74.547737
15503.906250	-75.933792
15546.972656	-75.013733
15590.039063	-74.971474
15633.105469	-75.495186
15676.171875	-73.813492
15719.238281	-75.830330
15762.304688	-75.289001
15805.371094	-76.969910
15848.437500	-73.042000
15891.503906	-75.684891
15934.570313	-74.802322
15977.636719	-74.971169
16020.703125	-74.953087
16063.769531	-74.106621
16106.835938	-74.908051
16149.902344	-74.032639
16192.968750	-74.603516
16236.035156	-75.862717
16279.101563	-74.504097
16322.167969	-74.526642
16365.234375	-74.646065
16408.300781	-74.749092
16451.367188	-75.963005
16494.433594	-75.506516
16537.500000	-75.243355
16580.566406	-74.738792
16623.632813	-74.842453
16666.699219	-75.243256
16709.765625	-74.775719
16752.832031	-74.208458
16795.898438	-75.358925
16838.964844	-75.879196
16882.031250	-75.928574
16925.097656	-74.945618
16968.164063	-77.212479
17011.230469	-75.911316
17054.296875	-75.736870
17097.363281	-74.844276
17140.429688	-75.779800
17183.496094	-75.297775
17226.562500	-77.026779
17269.628906	-75.397995
17312.695313	-75.590561
17355.761719	-74.561592
17398.828125	-74.125244
17441.894531	-73.833374
17484.960938	-75.864296
17528.027344	-75.063148
17571.093750	-76.977173
17614.160156	-75.388252
17657.226563	-74.404503
17700.292969	-75.890572
17743.359375	-75.477760
17786.425781	-74.680557
17829.492188	-74.603966
17872.558594	-75.568253
17915.625000	-75.984505
17958.691406	-74.289993
18001.757813	-74.812950
18044.824219	-75.991020
18087.890625	-75.159508
18130.957031	-75.437866
18174.023438	-74.435387
18217.089844	-75.299141
18260.156250	-76.952637
18303.222656	-74.658234
18346.289063	-74.659988
18389.355469	-76.167328
18432.421875	-73.788963
18475.488281	-75.079445
18518.554688	-76.915688
18561.621094	-75.371918
18604.687500	-75.383148
18647.753906	-76.888016
18690.820313	-75.531487
18733.886719	-75.855598
18776.953125	-75.721306
18820.019531	-75.677620
18863.085938	-75.831871
18906.152344	-73.841080
18949.218750	-74.750565
18992.285156	-75.682327
19035.351563	-76.900345
19078.417969	-76.406631
19121.484375	-74.469002
19164.550781	-73.575752
19207.617188	-75.511093
19250.683594	-75.321892
19293.750000	-75.569061
19336.816406	-76.004341
19379.882813	-76.039238
19422.949219	-76.130600
19466.015625	-76.289436
19509.082031	-74.870415
19552.148438	-75.047935
19595.214844	-75.956345
19638.281250	-74.984795
19681.347656	-76.120209
19724.414063	-74.966599
19767.480469	-75.901375
19810.546875	-74.490295
19853.613281	-76.036201
19896.679688	-76.632927
19939.746094	-77.232010
19982.812500	-74.544174
20025.878906	-75.520187
20068.945313	-76.793854
20112.011719	-75.872162
20155.078125	-75.176437
20198.144531	-76.590714
20241.210938	-75.562904
20284.277344	-75.860489
20327.343750	-75.601974
20370.410156	-75.314987
20413.476563	-76.059242
20456.542969	-75.217628
20499.609375	-76.000786
20542.675781	-75.922607
20585.742188	-77.271606
20628.808594	-77.141205
20671.875000	-76.154846
20714.941406	-75.934013
20758.007813	-75.769646
20801.074219	-77.129715
20844.140625	-77.084053
20887.207031	-75.985291
20930.273438	-75.999092
20973.339844	-76.295715
21016.406250	-75.727898
21059.472656	-76.779671
21102.539063	-77.293900
21145.605469	-76.161003
21188.671875	-76.503357
21231.738281	-76.964592
21274.804688	-76.804489
21317.871094	-76.394409
21360.937500	-76.884842
21404.003906	-77.273201
21447.070313	-76.737541
21490.136719	-76.291115
21533.203125	-76.802345
21576.269531	-76.810745
21619.335938	-76.956062
21662.402344	-77.413635
21705.468750	-76.641090
21748.535156	-76.887512
21791.601563	-76.961563
21834.667969	-76.852020
21877.734375	-76.724434
21920.800781	-76.928871
21963.867188	-77.009651
22006.933594	-76.912331
